
rpt:[r,theta,phi]=[0.328199,2.005559,0.772316]

rpt:[r,theta,phi]=[0.477357,-2.587471,0.549097]

rpt:[r,theta,phi]=[0.256610,-0.705680,1.141890]

rpt:[r,theta,phi]=[0.479761,-2.852091,0.481596]


rpt:[r,theta,phi]=[0.239063,1.722387,2.015284]

rpt:[r,theta,phi]=[0.127411,-3.047043,0.941508]


rpt:[r,theta,phi]=[0.272717,-0.315510,1.995370]

rpt:[r,theta,phi]=[0.171051,2.864492,1.527271]

rpt:[r,theta,phi]=[0.479977,2.136312,0.714910]

rpt:[r,theta,phi]=[0.205518,-1.170639,0.837774]

rpt:[r,theta,phi]=[0.516727,2.271547,0.385315]


one time error and solved with random init guess 2nd time

rpt:[r,theta,phi]=[0.525577,-2.209296,0.340390]

rpt:[r,theta,phi]=[0.446755,2.240401,0.281081]


0-1

[[           1,           0,           0;
            0,          -1,-1.22461e-16;
            0, 1.22461e-16,          -1]
[           0,           0,       0.147]]
0-2

[[   -0.999981, 3.81681e-19, -0.00623352;
   0.00623352,-6.12315e-17,   -0.999981;
 -7.63361e-19,          -1, 6.12279e-17]
[  -0.0329994, 0.000205706,       0.147]]
0-3

[[    -0.65112,   -0.758949, -0.00623352;
   0.00405885,  0.00473102,   -0.999981;
     0.758964,   -0.651133, 6.12279e-17]
[   -0.133923, 0.000834828,    0.264639]]
0-4

[[    -0.86887,    0.495001, -0.00623352;
   0.00541623, -0.00308566,   -0.999981;
     -0.49501,   -0.868887, 6.12279e-17]
[    -0.25122,  0.00156602,    0.197813]]

0-5

[[   -0.734842, -0.00623352,     0.67821;
   0.00458074,   -0.999981, -0.00422772;
     0.678223, 1.62325e-17,    0.734856]
[    -0.25122,  0.00156602,    0.197813]]

0-6

[[   -0.733578,   0.0435258,     0.67821;
   -0.0631234,   -0.997997, -0.00422772;
     0.676667,  -0.0459123,    0.734856]
[    -0.25122,  0.00156602,    0.197813]]

0-7

[[   -0.733578,   0.0435258,     0.67821;
   -0.0631234,   -0.997997, -0.00422772;
     0.676667,  -0.0459123,    0.734856]
[    -0.39907,  0.00248766,   0.0376144]]

0-8

[[   -0.733578,  -0.0435258,    -0.67821;
   -0.0631234,    0.997997,  0.00422772;
     0.676667,   0.0459123,   -0.734856]
[    -0.39907,  0.00248766,   0.0376144]]




=======================================================
[[           1,           0,           0;
            0,          -1,-1.22461e-16;
            0, 1.22461e-16,          -1]
[           0,           0,       0.147]]

[[          -1, -3.9407e-22, 6.43587e-06;
 -6.43587e-06,-6.12303e-17,          -1;
  7.88141e-22,          -1, 6.12303e-17]
[      -0.033,-2.12384e-07,       0.147]]

[[  4.0138e-06,          -1, 6.43587e-06;
  2.58323e-11,-6.43587e-06,          -1;
            1,  4.0138e-06, 6.12303e-17]
[  -0.0329994, -2.1238e-07,       0.302]]

[[  -0.0871524,   -0.996195, 6.43587e-06;
 -5.60902e-07,-6.41138e-06,          -1;
     0.996195,  -0.0871524, 6.12303e-17]
[   -0.044765,-2.88101e-07,    0.436486]]

[[    0.996195, 6.43587e-06,     0.08715;
  6.41138e-06,          -1, 5.60886e-07;
      0.08715, 1.22228e-16,   -0.996195]
[   -0.044765,-2.88101e-07,    0.436486]]

[[    0.994902,  -0.0507345,     0.08715;
   -0.0509283,   -0.998702, 5.60886e-07;
    0.0870369, -0.00443896,   -0.996195]
[   -0.044765,-2.88101e-07,    0.436486]]

[[    0.994902,  -0.0507345,     0.08715;
   -0.0509283,   -0.998702, 5.60886e-07;
    0.0870369, -0.00443896,   -0.996195]
[  -0.0637637,-4.10375e-07,    0.653657]]

[[    0.994902,   0.0507345,    -0.08715;
   -0.0509283,    0.998702,-5.60886e-07;
    0.0870369,  0.00443896,    0.996195]
[  -0.0637637,-4.10375e-07,    0.653657]]

[[           1,           0,           0;
            0,           1,           0;
            0,           0,           1]
[           0,           0,           0]]


======================================================
0-1

[[           1,           0,           0;
            0,          -1,-1.22461e-16;
            0, 1.22461e-16,          -1]
[           0,           0,       0.147]]
(1,           0,           0,0,          -1,-1.22461e-16,0, 1.22461e-16,          -1)
1-2
[[    0.981627,-1.16833e-17,    0.190809,0.190809, 6.01053e-17,-0.981627,0, 1, 6.12303e-17]
[   0.0323937,   0.0062967,           0]]

1-3
[[   -0.906308,    0.422618,           0;
    -0.422618,   -0.906308,           0;
            0,           0,           1]
[   -0.140478,  -0.0655058,           0]]

1-4
[[    -0.87462,    -0.48481,           0;
      0.48481,    -0.87462,           0;
            0,           0,           1]
[   -0.118074,   0.0654493,           0]]

1-5
[[   -0.976296,-1.32527e-17,     0.21644;
      0.21644,-5.97789e-17,    0.976296;
            0,           1, 6.12303e-17]
[           0,           0,           0]]

1-6
[[   -0.965926,    0.258819,           0;
    -0.258819,   -0.965926,           0;
            0,           0,           1]
[           0,           0,           0]]


KDL::Vector p1(0,0,0.147);
KDL::Rotation r1(1,0,0 0,-1,-1.22461e-16,0, 1.22461e-16,-1);
KDL::Frame cart_pos1(p1,r1);

KDL::Vector p2(0.0323937,   0.0062967,           0);
KDL::Rotation r2(0.981627,-1.16833e-17,    0.190809,0.190809, 6.01053e-17,-0.981627,0, 1, 6.12303e-17);
KDL::Frame cart_pos2(p2,r2);

KDL::Vector p3( -0.140478,  -0.0655058,           0);
KDL::Rotation r3(-0.906308,    0.422618,           0,-0.422618,   -0.906308,           0, 0,           0,           1);
KDL::Frame cart_pos3(p3,r3);

KDL::Vector p4(-0.118074,   0.0654493,           0);
KDL::Rotation r1(-0.87462,    -0.48481,           0,0.48481,    -0.87462,           0,  0,           0,           1);
KDL::Frame cart_pos4(p4,r4);

KDL::Vector p5(0,           0,           0);
KDL::Rotation r1(-0.976296,-1.32527e-17,     0.21644,0.21644,-5.97789e-17,    0.976296, 0,           1, 6.12303e-17);
KDL::Frame cart_pos5(p5,r5);

KDL::Vector p6(0,           0,           0);
KDL::Rotation r1(-0.965926,    0.258819,           0,-0.258819,   -0.965926,           0, 0,           1, 6.12303e-17);
KDL::Frame cart_pos6(p6,r6);


FK_input:[5.5843700,2.2627118,-0.2835996,0.4208643,4.3286852,]

[[   -0.427035,    0.506088,    0.749344;
     0.898208,    0.141894,    0.416038;
     0.104225,     0.85073,   -0.515166]
[    0.275474,    0.152944,  -0.0262675]]

KDL::Rotation R = KDL::Rotation::EulerZYX(0,0,0);
KDL::Rotation r2 = KDL::Rotation::RPY(0,0,0);

